-9334255.688,1108447.171,3402
-9366795.086,1095339.685,2398
-9403084.946,1088051.059,1679
-9326418.966,1087822.812,1982
-9300795.958,1080740.658,2098
-9334382.232,1068647.495,3139
-7782829.113,1088681.575,2375
-7800675.100,1074604.629,3000
-7758589.302,1073305.530,2224
-8134877.907,1067610.753,2241
-7804830.917,1058414.840,3486
-7736414.959,1055409.320,1823
-9258735.818,1035318.727,3047
-8148017.836,1052368.095,2820
-7816061.616,1044803.656,3008
-7747657.234,1043343.332,1406
-7825712.006,1040805.364,2845
-7784678.594,1039043.227,1769
-9199936.414,1018176.929,2079
-8158597.563,1031563.996,2509
-7835923.766,1025667.838,3185
-9219235.727,1002664.231,3133
-8139819.547,1018449.447,1407
-7820268.618,1016980.245,2871
-7881579.297,1008153.592,3838
-7881579.297,1008153.592,3838
-9159601.037,988916.211,1580
-7836539.122,1003906.720,3571
-7885168.827,996021.157,4339
-7884162.212,994499.399,4417
-7853290.794,993866.446,3814
-7830014.532,992743.625,2271
-8176168.219,984936.838,2502
-9111993.892,968739.137,1671
-7866516.803,977736.462,3633
-7882726.904,972236.514,4538
-7923207.864,967814.523,4370
-9003937.949,956383.454,1819
-8988726.712,954727.758,1651
-8156863.270,958191.558,1822
-7886840.321,953543.847,3912
-7903036.436,948542.858,4799
-7959163.620,944132.082,1883
-7914677.615,944028.548,4581
-8122439.217,939569.608,1551
-7971303.913,939097.672,1571
-8286694.772,935399.852,1016
-7912698.989,928862.611,3734
-7929377.883,927896.316,3612
-7966788.056,918372.602,3189
-7953145.995,918853.989,3092
-7981441.532,916877.889,3133
-8272932.217,913763.068,1459
-8135523.769,913773.428,2222
-7960228.003,913815.194,3129
-8140067.997,912752.958,2313
-8004685.985,910333.877,3593
-7992562.736,910323.396,3469
-7961247.810,908260.748,2922
-7951166.813,897132.392,2596
-8097101.683,892125.278,2339
-7966830.010,891605.231,3212
-8117294.504,889569.911,2703
-8159699.516,886952.034,2621
-7982486.945,888092.497,1937
-8159190.619,885439.058,2749
-8020860.189,883073.738,3265
-8023385.564,879036.097,3317
-8114747.907,876449.614,3241
-8051147.848,875502.724,2057
-8005217.034,873474.811,2912
-8151075.707,870318.949,3519
-8695955.335,855276.139,1501
-8652536.637,853348.879,1672
-8514756.178,849400.077,1664
-8120254.885,850706.525,3855
-8278149.023,848659.129,1975
-8121765.661,849190.579,3945
-8130332.797,844635.163,3285
-8433472.717,842087.664,1815
-8125283.999,842122.861,3595
-8057187.506,834129.403,3366
-8967803.060,822268.926,824
-8118205.680,832049.211,3724
-8109107.892,817946.240,4276
-8443314.448,812314.282,3058
-8079359.525,813443.351,3618
-8491150.744,806371.606,2425
-7296650.588,800966.412,955
-8471968.031,803020.955,2210
-8135293.803,802781.166,2248
-8041551.178,802875.935,2908
-8475895.831,790920.449,3350
-8410295.803,777859.435,2801
-8069256.047,779184.106,3974
-8155394.400,777045.405,1579
-8477258.096,773317.098,2365
-8394145.356,773445.845,2746
-8095446.547,774627.988,4455
-8070261.341,775657.319,3780
-8426855.520,769190.963,2478
-8080332.156,771116.760,3661
-8060183.952,769114.700,3376
-8491210.761,755615.100,2432
-8083845.139,756509.351,3995
-8458466.137,753872.405,2702
-8058162.204,750986.815,3613
-8455379.071,745355.320,2842
-8035001.663,747466.468,3183
-7268800.010,741036.656,1344
-8100952.014,744912.058,3554
-8168406.330,742274.885,3022
-8084336.433,742411.883,3840
-7373051.139,737900.529,2017
-8464889.122,738249.174,3064
-8197088.989,738172.667,1053
-8460839.034,735266.921,3149
-8003294.241,730341.150,2347
-8525172.515,724196.188,1205
-8462775.358,725207.904,3250
-8115521.735,723754.364,2550
-8082308.435,724797.354,3351
-7262571.180,718463.626,1519
-8048589.430,719782.020,5250
-8473772.653,715583.976,3912
-8175389.132,716092.453,3350
-8109473.139,716214.796,2680
-8046072.448,713744.294,5189
-8114994.372,706145.577,3504
-8068206.638,705183.663,4001
-8048083.545,705694.046,5063
-8126059.192,704117.419,3172
-6977263.665,688999.762,1567
-8465550.255,692556.740,3345
-8099378.792,687554.168,3888
-8122511.255,686016.651,3599
-6888037.196,672959.900,1338
-8424231.822,681298.391,2895
-8451365.464,678104.736,2426
-8118474.913,676468.488,4200
-8102886.525,675984.769,3917
-8506633.829,672179.768,1251
-8413105.814,671330.269,3061
-7066749.716,661228.120,1595
-8203431.366,668251.152,2791
-7312060.059,664149.150,1786
-6945616.603,659176.778,1926
-8470882.226,664923.390,3659
-8079246.897,666453.157,3878
-7287005.085,657354.514,1986
-6902548.299,649977.735,2248
-8427097.016,657692.651,2547
-8151124.210,657816.324,3189
-8112418.526,658378.312,3490
-8482871.161,654305.646,3356
-6876062.198,641574.916,2055
-6967052.567,640722.078,2089
-8140552.069,648286.001,3534
-6952012.806,638482.009,2289
-8153611.325,643740.557,3577
-8119435.555,642789.375,3283
-8242545.507,637486.091,1860
-7336554.840,631961.402,2214
-8469145.095,631838.821,3685
-8173185.571,631643.630,3765
-8060129.151,630276.104,2454
-6963367.071,620840.956,1842
-8379140.211,620341.188,3312
-8072182.502,619720.056,2587
-8071177.486,619218.215,2445
-8288669.810,609709.225,1544
-6790448.977,598027.528,2457
-7314756.591,603764.385,1522
-7232392.396,602823.569,1358
-6951152.519,599841.629,2065
-8364976.990,600849.322,2966
-8088747.325,602128.799,3203
-7387131.418,599011.365,2062
-6775569.390,587898.776,2246
-8459844.583,591802.460,1690
-8111337.907,592566.393,3350
-6896511.810,562858.680,1882
-7181653.643,562880.433,1397
-6747013.797,556866.035,2193
-8160503.136,565388.408,3030
-8116328.456,564948.830,2702
-8381364.483,563164.563,3975
-8248340.256,562173.340,3705
-8144935.793,561398.338,2688
-8477210.263,558135.006,4309
-8474171.687,553646.673,3636
-8213188.777,556246.791,3312
-8195103.657,548762.176,3417
-8384775.964,541598.670,5270
-8384775.964,541598.670,5270
-8228710.349,541660.037,3241
-8159957.496,539295.904,2640
-7179018.844,530521.022,2207
-8515671.273,528866.478,2739
-8399779.713,531006.882,4553
-8280866.593,531479.919,3219
-8174990.549,527731.985,2820
-7390826.836,523138.201,1155
-7160073.358,519867.325,2112
-7140082.149,513180.740,1639
-8385159.363,515545.454,5163
-8146372.602,513733.046,1210
-8179474.062,510169.789,3100
-7302157.483,508889.323,1537
-8179972.971,508664.449,3374
-8497972.367,505458.434,2326
-8234130.993,502532.798,3547
-8407150.298,497918.594,3701
-8190487.470,498616.379,3782
-8192985.592,493597.878,3707
-8499893.129,490440.637,2443
-8214022.215,481023.282,3546
-7194130.291,477487.403,1708
-8392010.297,475955.472,3369
-8411510.405,463359.177,3911
-8234027.944,458428.108,3729
-8466626.583,457103.265,2036
-8518221.259,449839.762,3819
-8318219.214,449686.866,1154
-8222476.225,447930.827,2370
-8280109.445,444288.204,3395
-8525683.523,439304.550,3283
-8458013.839,437638.725,3845
-8438966.799,437223.353,3887
-8421415.175,434796.603,3857
-8250015.368,435346.941,4193
-7319899.903,426350.260,1770
-8468957.376,419588.488,3891
-8460423.619,416126.502,3869
-8224411.368,412861.603,1625
-8241944.079,410823.380,4152
-8433830.671,407237.264,4047
-8549049.843,403713.600,2198
-8476872.624,396559.898,2560
-8449315.281,395675.243,4461
-8438771.603,389717.686,3455
-8303018.570,390655.113,3616
-8258436.755,391761.270,3497
-8284460.073,380690.202,2731
-8335541.568,377056.666,2162
-7313784.449,370553.578,2409
-8537364.074,369814.291,4058
-7203686.890,358344.692,1738
-8546297.440,351801.395,2890
-8550766.770,343296.364,2787
-8322432.311,343071.771,3099
-8304391.530,336610.477,2537
-8318393.755,329075.534,3152
-8478092.294,324610.591,3888
-8463067.702,323164.332,5298
-8508626.189,323000.802,2564
-8331395.725,322543.477,3599
-8500581.260,313544.099,2893
-8425490.345,313792.447,3274
-8500574.097,311546.997,3156
-8419480.097,312811.020,3191
-7192025.736,307139.496,815
-8502549.918,304051.134,3264
-8448976.650,300231.930,3378
-6995368.282,297326.833,990
-8424442.259,297806.647,2957
-8304797.659,291094.148,2151
-8563047.802,285368.521,2833
-8352337.219,286495.270,3399
-6764752.619,281613.267,827
-8494976.397,284606.907,3767
-8340818.077,283021.001,2357
-8605058.211,277230.020,2878
-6839925.250,269977.508,1450
-8355812.073,273491.121,2438
-8396839.049,268900.040,2429
-8619017.013,263220.639,3752
-8619017.013,263220.639,3752
-8503893.489,255130.466,4594
-8503893.489,255130.466,4594
-8609451.157,247308.380,3700
-8609451.157,247308.380,3700
-7291478.480,241140.665,1045
-8598921.241,240865.502,3357
-8525846.221,233112.761,4390
-8603890.148,230383.142,3308
-8538341.704,228588.015,3620
-7026376.561,225419.569,952
-7228510.530,224469.475,1024
-8391727.614,218952.782,2628
-7583754.517,216240.737,927
-8378707.182,211983.402,2152
-7292113.409,208845.720,1428
-8532258.181,198180.231,3563
-6921991.294,194254.019,992
-8616275.103,189489.859,2396
-8496209.337,183795.879,3189
-8429182.328,184425.046,2006
-7136663.972,177478.009,1326
-8633745.150,175497.332,3430
-8635241.843,173999.497,3587
-8540206.473,174225.418,3488
-6995132.701,171935.687,1307
-8609226.074,171574.387,2111
-8578214.863,171647.844,3138
-8555710.030,173194.166,4193
-8462165.615,167893.973,2345
-8563696.441,165699.258,4118
-6916161.791,159258.629,1382
-7137245.533,155692.671,1508
-8562673.211,154735.490,3903
-8471646.374,154903.146,2423
-8641692.959,153070.557,2972
-6922216.170,146973.604,1229
-8610646.310,134710.419,4176
-7233354.100,127730.646,1873
-8697647.566,126075.089,2172
-8548618.446,126348.551,3496
-8651126.385,119696.950,4001
-8549604.009,116876.053,2745
-8546590.768,107907.966,2366
-8567091.596,106384.456,3155
-8670105.050,105728.886,4673
-8719101.375,99678.041,2216
-8583085.452,100383.062,3697
-8596583.697,97873.853,3734
-8698589.401,93743.886,2896
-8675581.135,89798.423,4565
-8613053.206,70959.412,3888
-8683055.844,69391.779,3867
-7392979.812,68398.520,1179
-8640544.619,60477.556,4142
-8723545.336,57414.572,4191
-8623541.292,57505.357,4142
-7299492.536,51899.073,1919
-7299993.949,50409.579,2087
-8663535.159,48016.491,3897
-7277997.330,45920.884,2185
-8752534.810,44467.380,3480
-8721530.846,40017.303,4754
-8739527.643,34538.332,2562
-8703023.762,28095.299,4463
-8650522.236,25630.335,2716
-8719021.015,21127.944,3705
-8681517.295,2735.889,5685
-8739517.430,-4721.044,3516
-8706017.938,-9198.862,4040
-8646017.876,-9207.620,3478
-8750020.310,-18632.287,4666
-8729024.501,-29077.080,3165
-8664023.827,-29108.043,2933
-8676025.915,-33082.426,3763
-8650525.079,-32100.177,2554
-8751531.433,-39996.449,4304
-8751531.433,-39996.449,4304
-8736040.651,-51935.219,4084
-8698541.143,-53957.389,5606
-8756048.192,-58872.490,4689
-8641044.192,-59979.334,3763
-8777556.478,-65305.821,3710
-8777556.478,-65305.821,3710
-8687055.525,-68889.895,4207
-8763064.354,-72277.909,5043
-8731566.787,-75797.476,5862
-8786578.626,-81184.970,3641
-8772592.321,-90643.324,4263
-8630580.024,-92349.598,1697
-8717098.640,-98189.802,4239
-8788615.423,-102534.179,4055
-8688616.286,-110672.198,2466
-8714651.928,-126536.744,4080
-8709158.303,-130029.585,4211
-8714672.794,-135984.870,4464
-8741690.936,-140892.363,3057
-8695181.937,-141998.177,3152
-8808231.901,-149656.857,2780
-8766737.063,-155735.019,4842
-8773759.402,-162670.408,6239
-8732245.976,-162790.549,4970
-8729310.341,-184676.913,5436
-8729310.341,-184676.913,5436
-8710824.544,-191698.677,3804
-8797894.769,-199844.857,3235
-8738876.447,-203042.534,4403
-8798941.702,-211761.287,3127
-8777465.522,-220790.557,4165
-8720935.577,-222006.247,5244
-8795486.615,-223200.276,2700
-8786565.187,-242615.646,3571
-8792085.077,-246068.613,3319
-8717058.901,-253363.306,2902
-8790640.237,-258000.735,3174
-8755692.208,-275072.437,3875
-8718197.466,-283711.334,2754
-8755261.775,-288999.391,3276
-8816875.171,-297610.495,4376
-8760809.272,-296927.590,3729
-8746291.050,-296506.836,3711
-8731783.117,-298074.531,3109
-8673755.624,-305831.405,1560
-8869723.754,-341472.159,1388
-8759075.525,-343695.112,4045
-8700482.494,-342547.380,1774
-8759075.525,-343695.112,4045
-8681479.898,-347136.611,1468
-8852741.255,-347550.715,3865
-8719055.741,-350407.338,2517
-8751632.497,-354688.260,3058
-8767741.780,-367521.447,3404
-8689642.631,-372996.639,2207
-8854563.526,-390257.267,3838
-8845578.162,-394303.618,3742
-8873150.558,-396564.918,2478
-8840107.090,-399316.961,3818
-8681801.622,-400952.614,1230
-8792710.911,-425058.394,3240
-8846379.879,-430580.783,2742
-8736627.908,-430968.438,2409
-8902055.698,-435544.702,1464
-8683562.970,-439327.990,1841
-8882538.104,-438706.229,2758
-8800981.823,-455347.019,3445
-8745826.493,-453813.242,2055
-8731802.940,-455418.970,1744
-8802485.617,-455334.024,3522
-8777952.893,-459028.354,2954
-8634593.376,-461618.699,1413
-8695778.936,-464670.023,2176
-8903928.577,-473274.445,1710
-8888902.699,-474917.162,2591
-8794138.163,-475319.013,3350
-8856391.045,-483194.716,2491
-8829357.001,-487934.672,3330
-8874497.405,-488483.619,2521
-8787777.349,-492805.587,2743
-8818410.626,-496998.764,3609
-8818429.851,-498989.778,3588
-8860623.467,-505036.909,2268
-8904285.326,-507059.066,1493
-8922374.829,-509840.247,1412
-8874761.732,-513841.335,2915
-8844288.102,-526105.756,3837
-8809185.036,-527961.960,1998
-8873429.353,-529772.699,2405
-8784611.430,-529203.143,3127
-8897088.735,-536470.139,3419
-8818381.107,-543805.957,2769
-8782266.175,-545673.167,2745
-8881722.015,-553061.541,3680
-8838672.389,-563508.318,3676
-8825114.648,-563160.790,3499
-8879346.401,-564533.944,2960
-8740823.306,-567531.935,1867
-8800747.267,-584361.123,2626
-8632112.511,-594021.392,1930
-8718544.246,-599203.310,2798
-8828038.924,-599502.841,3501
-8707530.768,-602810.254,2225
-8560379.861,-604622.062,1776
-8885834.305,-602283.513,1331
-8821166.854,-613043.644,3933
-8655602.178,-635312.709,3393
-8705362.618,-636309.004,2723
-8788300.064,-637877.605,3156
-8855657.864,-639036.109,3044
-8551150.886,-644257.305,2173
-8809527.012,-647600.656,3419
-8847264.072,-650611.874,3150
-8803644.953,-659651.077,3052
-8786051.964,-659868.936,2450
-8688079.770,-665491.325,3428
-8658409.287,-664801.270,3453
-8803211.307,-665147.173,2492
-8687587.775,-666496.947,3616
-8837011.032,-673691.139,3322
-8792786.146,-675763.519,2793
-8518761.042,-679605.338,1530
-8594247.942,-685460.468,2295
-8839170.217,-684639.210,3902
-8734088.615,-687475.618,2306
-8696365.865,-687410.513,3548
-8734088.615,-687475.618,2306
-8782474.008,-695375.107,2710
-8586817.548,-697557.178,2362
-8614999.880,-698786.382,3480
-8711123.544,-702250.255,3121
-8820358.056,-706860.449,4029
-8601532.105,-710445.497,3225
-8738906.023,-711420.365,3637
-8802832.018,-713092.912,3646
-8723382.799,-717613.687,3719
-8831564.868,-716691.952,2419
-8723394.994,-718614.219,3725
-8634837.069,-719624.888,2523
-8459222.407,-721217.567,1663
-8649544.571,-729987.266,3758
-8710488.188,-733285.210,3962
-8696577.341,-748476.353,3423
-8616589.562,-754909.338,2600
-8694760.633,-764528.248,3349
-8646450.964,-768114.838,4200
-8654040.530,-771034.780,4211
-8783502.446,-771356.132,3883
-8800166.066,-774117.292,3645
-8677287.941,-777272.613,2352
-8654135.257,-779056.409,4276
-8813891.894,-782416.772,1789
-8691480.135,-784112.900,3910
-8648215.188,-789659.043,4613
-8609510.238,-798136.486,2498
-8743099.056,-800462.789,3816
-8703832.611,-804003.813,3454
-8681671.074,-805295.388,4024
-8832921.031,-807131.804,1249
-8776527.036,-811501.666,3046
-8682802.063,-814810.374,3709
-8788676.506,-814824.839,3662
-8814950.035,-818424.042,2370
-8702023.908,-819571.706,3319
-8565419.982,-822729.116,1690
-8602745.148,-823821.784,3522
-8799408.488,-824173.763,3030
-8592741.432,-830969.114,3146
-8589778.752,-836529.912,2532
-8812699.404,-835480.389,1852
-8637749.340,-840981.200,4303
-8615071.874,-842765.614,3976
-8656520.133,-849279.635,4096
-8739778.079,-850132.687,3564
-8586925.414,-851640.247,3462
-8604100.942,-853449.167,4263
-8604100.942,-853449.167,4263
-8565760.327,-853891.183,2455
-8691526.413,-863369.571,3551
-8591102.367,-863656.958,3529
-8598190.610,-865583.788,3709
-8629526.862,-869218.597,4513
-8581121.852,-873328.654,3587
-8783572.205,-875532.315,2446
-8686676.788,-877497.471,4653
-8760458.913,-882421.111,3076
-8650908.146,-883012.056,4189
-8620154.264,-886429.671,4486
-8595442.092,-888749.882,4226
-8559115.092,-891192.762,2817
-8576815.950,-893502.425,3875
-8679352.744,-895183.708,4556
-8609679.362,-896621.125,4612
-8695531.862,-896458.557,3781
-8608234.563,-902173.020,4238
-8622427.053,-906014.697,4653
-8787609.746,-906060.994,1077
-8654805.121,-909602.469,4848
-8601291.384,-912324.534,4183
-8751401.281,-916194.054,2822
-8676639.158,-917338.293,4450
-8690918.023,-926178.216,3005
-8667243.163,-931555.010,4965
-8536358.602,-933252.209,2907
-8711851.887,-939935.558,4051
-8620362.285,-940765.875,4280
-8541547.319,-944783.110,4027
-8572426.371,-947936.755,4176
-8464735.269,-948137.790,2208
-8691827.165,-952818.853,3778
-8712097.590,-955519.965,3261
-8682297.758,-957996.028,3629
-8660064.678,-959335.552,4969
-8658547.728,-959357.855,5041
-8618095.159,-959932.600,4083
-8592831.629,-961783.615,4457
-8541762.190,-962928.877,3614
-8659633.253,-964376.129,5652
-8663716.424,-966832.744,5120
-8576221.195,-968047.342,4678
-8527655.083,-967634.243,4105
-8530766.975,-974154.863,4400
-8609704.919,-975162.427,4358
-8653251.842,-977563.121,5324
-8683168.327,-981639.834,4981
-8637642.840,-982829.774,5780
-8680709.422,-986209.980,4996
-8639197.376,-985326.379,5697
-8683262.974,-987680.643,4851
-8649860.060,-987688.273,5793
-8513765.678,-991510.102,3270
-8678811.597,-994297.649,5005
-8647971.371,-996786.254,5607
-8594330.370,-998059.287,4287
-8561457.711,-1000514.000,4483
-8561457.711,-1000514.000,4483
-8645531.378,-1002870.695,6234
-8635906.517,-1002509.984,5231
-8538217.650,-1004340.346,3554
-8673426.336,-1005969.144,4865
-8516015.908,-1010668.137,3088
-8501839.542,-1010834.279,3144
-8625900.589,-1010724.107,5769
-8496287.517,-1012413.263,2707
-8638595.244,-1013057.231,6525
-8629526.447,-1016217.960,5607
-8522189.166,-1018673.976,3120
-8629109.908,-1022276.437,6068
-8686931.627,-1026917.706,3500
-8682365.173,-1026488.376,4021
-8663111.364,-1026293.349,4854
-8625148.267,-1028388.801,6019
-8619606.501,-1030489.066,5570
-8545690.474,-1034541.591,4441
-8668844.074,-1036286.825,4772
-8621261.084,-1039547.724,5326
-8470808.025,-1044033.564,2299
-8447994.509,-1043269.026,2333
-8608639.226,-1042762.872,5857
-8608639.226,-1042762.872,5857
-8675046.593,-1043750.830,4443
-8621866.074,-1046099.988,5547
-8617804.708,-1045656.074,5709
-8496716.587,-1049297.849,4203
-8581419.406,-1053253.346,4870
-8515555.272,-1056147.377,4610
-8605836.367,-1058961.642,5591
-8610443.707,-1061923.329,5630
-8457847.743,-1063903.278,2485
-8440615.394,-1064594.778,2892
-8440615.394,-1064594.778,2892
-8415360.685,-1074471.392,2402
-8453412.012,-1075591.390,3495
-8655290.905,-1075865.860,4692
-8461634.483,-1085117.430,3611
-8598636.435,-1086352.185,5524
-8594153.911,-1091979.854,5462
-8554080.566,-1093062.852,4224
-8641916.655,-1095783.104,4727
-8451127.724,-1098400.602,3630
-8640410.934,-1096818.203,4661
-8437972.297,-1102090.924,4111
-8661324.635,-1103039.945,2089
-8598426.998,-1106073.450,5545
-8447197.462,-1110095.357,3968
-8590913.208,-1112762.971,5271
-8635141.641,-1116111.914,4337
-8655473.487,-1117289.413,2434
-8642790.079,-1118008.047,3745
-8417877.170,-1122069.048,3102
-8669714.470,-1118561.133,1528
-8417877.170,-1122069.048,3102
-8505370.516,-1133205.827,4755
-8590706.472,-1132500.580,4731
-8405819.602,-1134870.797,2566
-8412005.336,-1143429.626,2898
-8563510.972,-1148608.473,5280
-8502587.382,-1153515.363,4328
-8549894.193,-1155901.499,5382
-8568729.286,-1157649.291,5549
-8563639.147,-1157219.064,5467
-8410138.423,-1159178.745,2599
-8545938.266,-1163561.136,5422
-8540876.664,-1165155.004,5294
-8539358.827,-1165683.758,5165
-8609537.659,-1166125.839,3737
-8461090.938,-1168749.247,4898
-8372121.684,-1170731.635,2194
-8453997.049,-1170864.519,5192
-8575554.674,-1171733.597,4844
-8623374.176,-1172480.592,2956
-8624632.079,-1186644.432,2304
-8578867.463,-1188410.546,5119
-8534595.056,-1188066.092,5172
-8392685.242,-1192368.685,2924
-8594860.585,-1201844.521,4400
-8431565.098,-1210232.725,4500
-8406649.102,-1213056.171,3965
-8447935.283,-1216643.467,4869
-8558948.119,-1216625.190,4748
-8569663.826,-1217979.462,3819
-8395015.557,-1220299.886,2923
-8553441.683,-1222802.478,5095
-8400694.335,-1227358.054,3375
-8426693.115,-1229098.068,4581
-8568855.951,-1231191.347,4178
-8575526.863,-1234130.159,3500
-8232680.694,-1240480.536,1718
-8256652.746,-1243894.857,1393
-8516562.205,-1243676.460,5246
-8390720.130,-1247307.579,2446
-8290842.325,-1249760.305,1960
-8560560.936,-1254182.807,3115
-8541804.596,-1261087.177,4821
-8205352.295,-1276817.681,3215
-8340037.424,-1277867.420,4602
-8348773.910,-1284408.749,4863
-8380434.438,-1286631.411,4630
-8390168.704,-1290091.964,4832
-8506534.405,-1290111.462,5123
-8535643.734,-1291193.868,3635
-8372351.230,-1294362.896,4833
-8575566.563,-1297662.426,1913
-8530684.069,-1300433.767,4438
-8266775.309,-1305509.248,1755
-8342352.638,-1306395.615,4922
-8535439.832,-1310541.635,4199
-8489980.843,-1310215.226,4695
-8358279.832,-1315927.981,5187
-8296004.336,-1320591.281,4265
-8334849.938,-1322794.683,4985
-8331278.899,-1323339.158,5202
-8559625.778,-1321347.955,2168
-8489670.486,-1323978.542,5181
-8296038.443,-1324674.786,4459
-8465668.342,-1324830.324,5535
-8448823.811,-1326079.134,5156
-8354809.244,-1326168.623,5448
-8353803.155,-1327710.007,5406
-8291469.949,-1328286.525,4589
-8329298.233,-1329993.556,5034
-8462730.013,-1334049.622,5668
-8279786.807,-1337062.273,4421
-8071766.413,-1336980.010,2105
-8514355.706,-1334310.108,4121
-8459685.068,-1335621.778,5649
-8277247.389,-1339125.396,3844
-8257832.141,-1340293.177,2319
-8341769.623,-1350808.228,4717
-8341268.555,-1351834.864,4749
-8267636.534,-1352483.693,3349
-8058488.871,-1352840.168,2449
-8283504.742,-1354403.071,3394
-8287097.014,-1355906.772,3308
-8038545.820,-1356938.762,2804
-8307598.612,-1360840.821,4535
-8026268.983,-1363586.152,2865
-8210950.166,-1365643.909,3133
-8256490.935,-1366880.049,2475
-8189988.601,-1368315.141,3519
-8455507.871,-1366298.565,5803
-8450455.831,-1370964.447,5240
-8035476.088,-1375867.740,3413
-8360951.523,-1375134.393,4364
-8314925.156,-1378666.467,3794
-8165479.028,-1379685.831,3115
-8449581.037,-1381703.050,4916
-8120450.322,-1383940.383,1548
-8020630.863,-1383540.465,3648
-8146054.309,-1386416.771,2594
-8146571.915,-1387950.512,2654
-8005779.031,-1390183.640,3030
-8518285.313,-1388327.450,2342
-8393385.442,-1391121.516,4922
-8036499.137,-1393784.658,3285
-7956105.022,-1393672.872,1576
-8292075.683,-1399847.183,4622
-8272113.945,-1401549.473,4215
-8191699.393,-1402083.884,3716
-8046743.591,-1403513.993,3577
-8505723.870,-1403343.970,2434
-8035473.907,-1411712.390,3665
-8035473.907,-1411712.390,3665
-7981158.798,-1413195.473,2573
-8246091.370,-1415572.615,4310
-8029835.766,-1419398.199,3677
-8484937.232,-1417472.617,2991
-8463430.429,-1418820.274,4195
-8145154.985,-1420223.007,2146
-8082626.391,-1420388.637,3217
-8463430.429,-1418820.274,4195
-8422454.124,-1420930.253,5080
-8303027.081,-1421252.018,4236
-8064689.701,-1422461.390,3217
-8025221.423,-1423497.051,3924
-8274858.972,-1424058.645,3974
-8093396.526,-1423957.566,3126
-8273329.619,-1425095.780,3837
-8054441.062,-1427082.781,3697
-8458930.533,-1426559.600,3713
-8042137.599,-1428112.811,3801
-8310323.943,-1433989.833,4066
-8286755.059,-1436254.584,4059
-8214965.408,-1437303.347,4274
-8152398.036,-1437111.013,3067
-8078043.436,-1441416.586,4251
-7985719.984,-1441399.151,3850
-8385815.088,-1442901.696,5187
-8039575.656,-1445549.207,4770
-8139101.166,-1447418.743,3615
-8159115.219,-1448878.765,4308
-8117047.322,-1449541.252,4468
-8101141.516,-1449068.505,3952
-8135524.290,-1451535.330,3804
-8035471.472,-1450679.532,5006
-8264835.895,-1452842.832,3451
-8322835.612,-1454367.483,4348
-7982607.931,-1459350.200,3586
-8339850.871,-1461880.692,5055
-8195624.104,-1463576.402,4420
-8096555.355,-1463960.132,4528
-8412244.165,-1463058.272,4458
-8062680.180,-1468118.010,4923
-8051899.201,-1468639.111,5240
-8350184.424,-1467920.872,5241
-8059601.053,-1469660.846,4992
-8043171.687,-1470182.559,5025
-8275758.731,-1470193.069,4246
-8029822.081,-1471722.525,5098
-8130980.023,-1473620.125,5262
-8149475.977,-1476119.128,4826
-8148450.955,-1476636.710,4762
-8136125.849,-1476683.173,5655
-8021090.305,-1476853.881,5392
-7987710.298,-1476300.965,4245
-8106345.122,-1478827.109,5725
-7968189.348,-1478827.109,4156
-8426822.322,-1477724.315,4183
-8212659.575,-1478873.436,3517
-8120727.111,-1479301.236,5015
-8178265.074,-1482150.118,4729
-8011328.007,-1481982.469,4921
-8176225.936,-1485241.822,4817
-8057045.620,-1486097.012,5122
-7916801.863,-1485328.416,4249
-7895740.026,-1485228.818,2547
-8205005.529,-1487136.769,3752
-8131028.537,-1488000.102,5005
-8120239.634,-1488034.577,4391
-8074001.234,-1488134.652,5579
-8054479.878,-1490722.616,5062
-8038551.785,-1491241.767,4160
-8389484.731,-1490020.942,4476
-8097131.616,-1493232.141,5603
-8074520.540,-1492244.296,5115
-7967125.749,-1493207.904,4096
-7967125.749,-1493207.904,4096
-8088915.702,-1496331.987,5203
-8092003.278,-1498381.684,5115
-8420430.999,-1498330.214,3671
-8221020.291,-1500390.569,2942
-8182996.430,-1502674.523,3840
-8108465.738,-1504511.727,4259
-8199463.491,-1505665.436,4669
-8077112.110,-1507659.882,3766
-8335712.147,-1506572.014,4610
-8144470.404,-1509534.848,4444
-8101279.644,-1509156.280,4264
-7926464.958,-1509520.464,5445
-8433933.684,-1507888.159,2859
-8117230.465,-1513227.449,5044
-8209299.146,-1516399.788,4036
-7877569.049,-1518017.627,5120
-8270515.390,-1517998.905,4198
-8172280.785,-1518665.958,4140
-8078672.486,-1519484.830,4064
-8055526.705,-1519510.305,4319
-8328658.152,-1520005.784,4530
-8220126.773,-1520442.150,4059
-8129605.222,-1522959.510,4227
-7976308.598,-1523048.449,4274
-7727857.250,-1521347.366,1807
-8256202.274,-1528915.522,4319
-8232038.592,-1531672.828,4130
-7886237.649,-1531439.651,5076
-7912473.710,-1533117.704,5954
-7891372.189,-1533525.907,5524
-7873872.355,-1533939.628,5248
-7834769.603,-1532644.473,4596
-7820352.922,-1533560.653,3905
-8226932.871,-1537368.109,4223
-8005614.106,-1536991.379,4273
-7901643.618,-1537696.172,5982
-8129150.556,-1540455.285,4026
-7929428.822,-1539881.039,6275
-8087972.447,-1541594.542,4900
-7860959.580,-1541061.210,5257
-7893887.378,-1544346.184,5673
-8398422.035,-1543829.665,2841
-8074078.545,-1545220.893,4463
-7938156.428,-1546091.732,5249
-7700306.882,-1544146.395,2193
-7955140.384,-1548208.848,4635
-8208995.143,-1549325.850,4137
-8082332.606,-1554991.822,4937
-7966969.449,-1553391.952,4887
-7838218.331,-1553253.295,5662
-8060187.102,-1556050.300,4558
-7993229.360,-1556538.659,4291
-7883522.555,-1556129.022,5657
-8023102.444,-1557601.630,3754
-7833032.781,-1557847.153,5391
-8203402.092,-1560688.686,4291
-8010221.151,-1561712.554,4460
-7727398.420,-1560937.326,2388
-7642416.003,-1559288.568,2027
-7719131.823,-1562897.359,2299
-7974148.703,-1566287.619,4688
-8103997.753,-1568339.702,4973
-8079267.011,-1570452.057,3855
-7881367.955,-1572083.701,5495
-7820020.043,-1574222.895,5283
-7696224.533,-1581140.445,2598
-7656016.312,-1580583.324,1987
-8043712.354,-1584402.595,4555
-7743628.457,-1583778.027,3841
-7827127.619,-1587678.533,5236
-8027210.056,-1591620.977,4359
-7964285.503,-1592551.659,4493
-7944170.551,-1592487.187,4473
-8368150.746,-1593117.566,2573
-8140693.664,-1596058.226,4888
-8140693.664,-1596058.226,4888
-8137084.794,-1596588.203,4830
-8021533.642,-1596776.180,4084
-7995738.409,-1598295.184,4407
-7899776.542,-1599509.881,5211
-8135040.946,-1601754.515,5026
-8038041.142,-1600908.132,4449
-8327499.172,-1601851.905,3955
-7906454.467,-1605219.198,5319
-7723265.297,-1604665.572,4162
-7643173.783,-1611290.340,2407
-7921377.046,-1614579.590,5013
-7902269.255,-1616034.214,5226
-7623546.115,-1612010.903,1984
-8180028.941,-1619605.152,4905
-7884652.372,-1626775.654,5287
-7737379.085,-1633203.163,5369
-7727545.612,-1634632.772,5808
-7727545.612,-1634632.772,5808
-7706338.935,-1636427.845,5807
-7706305.055,-1639007.765,5922
-7707767.106,-1645737.204,5657
-7700531.885,-1645641.121,5587
-8329562.832,-1646714.729,2164
-8205003.324,-1648374.190,5038
-7702006.279,-1651339.943,5620
-8060792.649,-1655128.178,5319
-7967200.940,-1657626.156,4720
-7559260.809,-1653660.005,1730
-8330273.659,-1663236.397,2067
-7751471.526,-1665904.344,4724
-7693536.101,-1665685.650,5669
-7827984.945,-1671321.907,4596
-7546083.335,-1666299.005,1719
-8037525.972,-1675829.550,5346
-8204167.358,-1677851.815,4548
-8099112.962,-1678856.948,5095
-7884854.078,-1678463.073,5124
-7687671.404,-1678004.719,5764
-7584194.306,-1675801.839,2209
-7865684.342,-1681441.383,4973
-7665852.209,-1683370.121,4815
-8195984.326,-1692914.408,4301
-7521829.484,-1687995.039,1935
-7847468.995,-1694245.677,4848
-7675533.354,-1693855.119,4327
-7653243.993,-1695065.628,3979
-8212084.993,-1699535.050,3961
-7664038.915,-1700404.960,3831
-8086228.463,-1705811.975,5429
-7983643.048,-1705802.117,5003
-8175913.285,-1714790.924,5432
-7818259.600,-1717303.904,4437
-7679370.601,-1714606.402,4967
-7642559.549,-1715066.950,4475
-7663249.128,-1717984.693,4908
-8114268.979,-1725434.002,5915
-8035452.412,-1725038.946,5421
-8033378.329,-1725038.699,5550
-8025599.004,-1728147.500,5449
-7958699.718,-1728540.100,4804
-8223708.002,-1728980.292,4565
-7623153.190,-1728196.365,3506
-7649037.214,-1731219.319,3912
-8021963.577,-1736444.281,5164
-8087850.355,-1737951.868,6366
-8005360.236,-1738502.989,5404
-7979939.724,-1737936.601,5540
-8088375.835,-1741063.669,6407
-8220700.090,-1742486.286,4273
-8156876.161,-1742893.160,4251
-8081112.643,-1741597.026,6245
-8002760.910,-1742131.287,5226
-8155843.536,-1743936.019,4261
-8036488.846,-1743713.038,5130
-7642132.534,-1740946.238,3573
-8058286.508,-1746817.501,5214
-7882868.545,-1746324.312,5275
-7877163.357,-1745767.656,5142
-8123167.975,-1748747.162,3798
-8079059.997,-1754576.037,3976
-7616528.248,-1750866.693,4119
-8056218.014,-1756162.950,5138
-7635608.034,-1758454.674,5034
-8054665.017,-1762395.342,5134
-8019349.721,-1762914.293,5072
-7961703.981,-1762280.396,5359
-7510453.216,-1758057.609,2251
-8282682.938,-1764754.662,1227
-7839646.752,-1763648.116,4887
-8141425.853,-1769442.086,2235
-8001157.360,-1772762.938,6245
-7979338.211,-1771680.004,5187
-8001157.360,-1772762.938,6245
-8023495.342,-1778502.681,4651
-7630101.061,-1776508.987,6275
-8034408.152,-1784743.737,4610
-7886257.757,-1784253.325,5101
-7783344.393,-1782837.447,4449
-7960588.656,-1785657.039,5231
-7610233.994,-1782896.881,5301
-7913254.812,-1790650.795,5137
-7876338.119,-1790423.750,4886
-7592494.736,-1786195.210,4563
-8008406.793,-1792524.730,4132
-7615346.165,-1787660.172,5940
-7567971.479,-1790380.156,2927
-7960030.663,-1797094.080,4930
-7612151.075,-1791753.433,5954
-7434865.717,-1788850.877,1526
-7541801.401,-1798133.610,2707
-7587003.840,-1801138.104,4703
-7524606.591,-1799313.401,2220
-7819002.381,-1805030.446,5156
-7592714.960,-1801768.328,5049
-7963114.452,-1808548.811,5742
-7603078.205,-1804043.215,5467
-7569713.974,-1807022.047,3857
-7435020.090,-1802843.775,2071
-7555115.071,-1808276.936,3232
-7962572.030,-1815312.459,5946
-7919876.302,-1817735.516,5238
-7580473.030,-1815547.721,5116
-7802199.158,-1819949.274,4724
-7524246.759,-1815391.605,3234
-7883918.696,-1823248.005,4984
-7877157.027,-1822160.361,4499
-7745415.237,-1822414.383,4584
-7487745.573,-1817655.234,2738
-7454986.429,-1815804.235,2789
-7948992.175,-1827238.245,5726
-7586564.067,-1823461.547,6042
-7864593.868,-1830919.092,5115
-7580753.901,-1827502.604,5262
-7892707.536,-1833198.899,5566
-7478135.617,-1827282.188,3385
-7547351.795,-1830442.569,3655
-7583763.685,-1833280.256,5357
-7931224.372,-1840184.344,5428
-7874426.627,-1839846.098,4255
-7562821.791,-1838048.336,5321
-7557091.605,-1837927.099,4841
-7930162.400,-1844347.964,5612
-7908785.058,-1845799.527,5082
-7442885.852,-1840399.014,3006
-7859758.672,-1849635.040,5137
-7876417.818,-1852887.782,5129
-7733583.874,-1850366.897,4604
-7461466.356,-1847634.135,3611
-7549483.049,-1852321.586,5737
-7542672.380,-1853732.396,5193
-7540610.335,-1852646.599,5070
-7489504.728,-1852494.108,3187
-7736085.246,-1858214.558,4840
-7894081.237,-1862914.020,5077
-7811674.383,-1861711.726,5391
-7527993.881,-1857043.418,4256
-7852852.987,-1865218.670,5463
-7446066.827,-1858142.913,3988
-7852852.987,-1865218.670,5463
-7804312.550,-1867371.127,5344
-7773526.719,-1867548.957,4981
-7415686.178,-1862511.726,3606
-7545478.959,-1868361.902,6325
-7882522.414,-1874834.357,3596
-7466680.656,-1868037.516,3402
-7460848.909,-1871526.784,3651
-7858465.206,-1880915.031,5298
-7905933.146,-1887512.366,3152
-7446020.794,-1879456.580,4413
-7812453.271,-1887800.930,5283
-7767450.781,-1895124.172,4914
-7544957.030,-1891782.735,3866
-7511551.775,-1890487.364,5265
-7465017.620,-1891926.664,3900
-7780454.368,-1899978.976,5201
-7367786.895,-1893334.027,3236
-7448113.981,-1898766.405,4176
-7325398.499,-1895114.870,1797
-7843077.279,-1908982.561,5380
-7500306.619,-1901674.033,5562
-7498700.944,-1903197.486,5695
-7620399.012,-1907949.486,4732
-7487691.029,-1904485.842,4786
-7347718.546,-1899989.315,3453
-7833644.466,-1911509.094,5707
-7463082.294,-1905935.051,3576
-7537752.287,-1909861.138,4046
-7791237.570,-1916818.802,5439
-7741566.641,-1916199.206,5089
-7754624.058,-1917418.036,4887
-7331243.370,-1908301.090,2828
-7767120.953,-1921757.809,5111
-7728944.418,-1921248.010,4898
-7756634.357,-1923714.953,4956
-7814114.659,-1929612.949,5541
-7528550.398,-1923207.053,3974
-7770149.028,-1930682.045,5028
-7401933.418,-1922981.348,4825
-7317630.429,-1924498.170,2495
-7456142.251,-1930765.188,4538
-7785205.409,-1940800.686,5388
-7779958.431,-1941784.695,5149
-7391672.266,-1933616.834,5058
-7824941.387,-1945940.401,3917
-7779914.462,-1945446.543,5297
-7379007.028,-1936879.534,4740
-7286983.619,-1932816.110,2079
-7775176.839,-1947482.086,5323
-7757911.718,-1946217.157,5174
-7421338.844,-1939702.023,4475
-7797150.878,-1949310.132,5233
-7721216.409,-1948845.377,5017
-7446224.449,-1948750.717,4175
-7256159.926,-1945240.701,2265
-7774440.208,-1964748.160,5621
-7776465.414,-1970534.724,5678
-7331065.751,-1961404.554,4100
-7809415.363,-1977727.664,3973
-7745453.062,-1976415.621,4677
-7369166.008,-1966814.789,3313
-7257469.496,-1966634.188,3935
-7793099.612,-1982786.397,4140
-7191317.147,-1968248.652,1883
-7268783.648,-1972781.032,3732
-7770494.016,-1986705.325,5767
-7362005.217,-1977545.629,3551
-7766754.404,-1991900.379,5827
-7213975.450,-1979039.955,3540
-7750956.176,-1995885.212,5101
-7272614.796,-1982825.296,3210
-7245359.385,-1981812.501,3754
-7783968.004,-2000507.902,4230
-7735699.456,-1998292.608,5305
-7697851.645,-2001381.876,5122
-7150202.682,-1985284.224,2390
-7323106.981,-1995048.103,3808
-7725068.988,-2007052.799,5258
-7501381.913,-2004585.685,4357
-7139730.072,-1996807.497,2180
-7670813.536,-2016133.184,5420
-7323690.140,-2008648.123,3708
-7323219.262,-2007064.510,3686
-7176244.895,-2003043.174,3004
-7708075.588,-2018858.755,4858
-7405943.294,-2016552.125,4475
-7129859.188,-2006270.794,1872
-7689502.575,-2029577.996,5707
-7738806.013,-2037707.287,5583
-7737228.469,-2037684.257,5815
-7724074.384,-2038012.893,5273
-7721962.902,-2038505.913,5406
-7667810.856,-2037075.895,6524
-7199210.393,-2032679.549,2475
-7370455.618,-2041079.686,4399
-7346291.592,-2039752.381,3979
-7628629.979,-2049986.628,5025
-7627577.752,-2049965.493,5042
-7685961.384,-2052107.311,5503
-7733807.910,-2055505.992,5104
-7663170.942,-2060637.307,4928
-7188074.019,-2047363.294,2797
-7386827.001,-2055755.355,4219
-7349717.870,-2062914.608,3704
-7690854.965,-2073754.272,6070
-7760874.493,-2077994.900,3471
-7324292.593,-2066748.756,3534
-7764519.958,-2081204.240,3490
-7729747.969,-2080175.851,4946
-7727615.872,-2081722.706,5200
-7237843.705,-2067169.671,2889
-7306170.122,-2072386.923,3189
-7317320.014,-2084847.580,3689
-7281481.129,-2084049.275,3282
-7226728.164,-2081381.197,2563
-7710918.800,-2103583.035,5000
-7374414.372,-2096797.589,4071
-7728773.966,-2109139.941,4887
-7400060.710,-2103415.063,4437
-7149709.156,-2093281.450,2265
-7685975.363,-2111591.606,5524
-7347839.826,-2102195.253,4829
-7280317.942,-2100784.559,3521
-7707560.927,-2115126.307,4949
-7707560.927,-2115126.307,4949
-7167186.343,-2104002.266,2739
-7670885.736,-2128193.908,5574
-7256462.203,-2116647.259,3064
-7697778.349,-2131314.892,5470
-7677098.321,-2135168.735,5060
-7644308.360,-2136122.432,4609
-7662172.704,-2141750.781,5457
-7617248.438,-2140837.836,4760
-7731391.716,-2144540.291,4242
-7617248.438,-2140837.836,4760
-7289528.451,-2136317.915,4176
-7683709.719,-2149545.430,5427
-7647744.328,-2149388.212,5118
-7281546.033,-2137587.540,3820
-7654586.940,-2151108.088,5003
-7715852.019,-2156971.360,4686
-7659803.238,-2154907.362,5534
-7658714.599,-2156471.055,5396
-7647035.622,-2158353.224,5822
-7637546.575,-2156575.505,5511
-7628014.780,-2156905.306,5261
-7616378.350,-2156656.732,5000
-7297520.048,-2148716.707,4118
-7669243.493,-2159315.189,4903
-7660779.192,-2159152.902,5501
-7616884.426,-2157723.993,4961
-7297520.048,-2148716.707,4118
-7126339.862,-2141975.637,2236
-7277357.686,-2150042.452,3587
-7197783.821,-2154120.235,3208
-7712968.403,-2171198.586,4462
-7696464.878,-2176203.669,4561
-7312077.570,-2169795.976,4035
-7604198.281,-2180695.900,4853
-7377120.102,-2173189.207,4820
-7146475.939,-2164429.114,2968
-7214620.853,-2169037.285,3611
-7672397.258,-2188460.678,4878
-7411055.026,-2188571.398,5100
-7692340.071,-2199419.104,5203
-7675936.226,-2197527.100,5152
-7200113.910,-2185770.672,3909
-7524233.401,-2198815.217,4575
-7643969.197,-2204837.831,5370
-7342867.403,-2197297.193,4850
-7171703.746,-2192396.462,2949
-7530926.872,-2206400.181,4735
-7495828.257,-2209135.747,4377
-7573166.346,-2214890.554,4941
-7197691.787,-2204618.925,4255
-7687689.946,-2221590.584,4614
-7284010.515,-2209828.872,3880
-7318898.970,-2213824.408,4695
-7242534.473,-2211297.616,4279
-7230872.942,-2210804.074,4077
-7163639.045,-2206239.244,3136
-7150849.338,-2207224.120,2627
-7660007.177,-2225299.982,5512
-7542191.424,-2222049.201,4640
-7673216.923,-2228741.236,4845
-7665752.464,-2230186.723,5457
-7647168.629,-2229811.185,5935
-7337793.012,-2219814.958,4732
-7229035.142,-2216525.965,4179
-7529529.541,-2238665.934,5185
-7400456.263,-2235787.675,5439
-7681861.655,-2249072.371,4883
-7604143.580,-2252740.914,5115
-7651445.504,-2254309.803,5142
-7611513.039,-2256095.618,5039
-7208693.497,-2244134.274,3519
-7172567.575,-2243022.252,3268
-7158765.362,-2242377.259,3370
-7185671.335,-2247320.191,3787
-7425693.489,-2260464.532,5369
-7654362.324,-2267650.293,4989
-7604898.647,-2266032.587,4923
-7604898.647,-2266032.587,4923
-7681404.902,-2272972.946,5224
-7627135.612,-2271319.259,5035
-7649195.015,-2285618.860,5091
-7649195.015,-2285618.860,5091
-7420219.911,-2280965.895,5208
-7345638.909,-2280437.379,4257
-7256564.655,-2282170.533,4092
-7256564.655,-2282170.533,4092
-7643051.907,-2298790.220,4902
-7324455.304,-2290761.624,3807
-7652044.472,-2302175.594,4833
-7323840.431,-2292858.883,3952
-7172139.612,-2286323.144,3502
-7173686.130,-2287454.029,3571
-7613569.972,-2305583.552,4771
-7200003.984,-2295028.011,3470
-7614438.823,-2314123.254,5050
-7604863.989,-2312833.335,5013
-7643670.218,-2319573.847,5119
-7387654.522,-2312759.810,5073
-7181816.598,-2307421.802,2336
-7220907.446,-2316641.825,4191
-7604394.248,-2332536.090,5194
-7600592.741,-2335110.260,5028
-7581384.478,-2334102.502,5351
-7349222.966,-2326753.362,4065
-7542309.276,-2336804.247,5035
-7369299.385,-2332823.947,5010
-7257300.953,-2327267.477,3668
-7165047.699,-2323046.413,2489
-7591904.926,-2340763.317,4730
-7581195.891,-2341561.917,5119
-7541716.775,-2338919.858,4683
-7630824.783,-2344884.577,5092
-7630181.828,-2349672.858,5114
-7345944.749,-2342579.960,4407
-7181047.560,-2334948.534,3372
-7192052.031,-2339714.431,3517
-7212792.500,-2342272.040,3654
-7591454.950,-2358893.205,5034
-7333080.038,-2356978.582,4046
-7615275.182,-2369618.912,5646
-7168206.299,-2357152.106,2523
-7350879.813,-2367258.320,5477
-7629389.027,-2384380.195,4806
-7284697.995,-2374697.042,4343
-7553740.021,-2388356.701,5232
-7636557.941,-2398989.117,5592
-7196403.962,-2383494.960,3117
-7547017.373,-2398865.125,5075
-7251951.572,-2388185.114,3420
-7621439.873,-2403456.008,6124
-7525981.830,-2403080.163,5255
-7213075.626,-2393864.563,3405
-7552646.115,-2408651.245,4804
-7565977.270,-2411690.761,5766
-7624940.607,-2414248.223,5050
-7589557.809,-2412844.345,5858
-7565977.270,-2411690.761,5766
-7175676.127,-2401653.636,2829
-7566283.148,-2420266.276,4867
-7597909.705,-2422161.709,4887
-7625224.622,-2424971.334,5608
-7559221.159,-2423288.091,5287
-7577295.199,-2430203.967,5881
-7163795.053,-2413846.760,3436
-7562104.575,-2435691.514,5951
-7540642.905,-2434555.333,5288
-7580898.120,-2436195.401,5691
-7545966.408,-2436314.562,5423
-7627516.781,-2441649.212,6025
-7267740.338,-2431559.411,3681
-7619278.031,-2448964.866,5656
-7589708.540,-2448761.495,5567
-7237428.830,-2436061.893,4375
-7564453.208,-2448089.387,5716
-7606637.080,-2459928.000,5199
-7582482.696,-2457696.573,5450
-7405614.292,-2453194.358,5257
-7371248.697,-2451365.200,4406
-7382368.116,-2456076.266,5243
-7558095.781,-2464014.249,5326
-7551581.430,-2465979.083,5780
-7525732.861,-2466302.420,5247
-7232828.008,-2454014.848,4553
-7603166.827,-2469509.294,4782
-7596144.997,-2470404.779,5755
-7576237.930,-2469881.356,5549
-7596144.997,-2470404.779,5755
-7576237.930,-2469881.356,5549
-7400282.886,-2466396.378,5576
-7643898.653,-2477479.965,4360
-7467383.353,-2472514.171,4626
-7359787.782,-2469131.886,4345
-7334580.249,-2466508.953,4165
-7613608.528,-2482671.228,6053
-7607699.224,-2481985.927,6082
-7583471.364,-2481359.574,5199
-7520977.293,-2481197.268,5223
-7383783.919,-2475426.780,4572
-7414333.996,-2479787.239,5596
-7235277.080,-2470710.323,4458
-7181467.653,-2469170.037,2609
-7803110.773,-2491706.318,2243
-7544446.914,-2489416.193,5423
-7444768.741,-2487851.536,5812
-7256955.212,-2479745.870,4343
-7577215.853,-2493560.298,5589
-7444768.741,-2487851.536,5812
-7442577.485,-2488849.311,5814
-7448983.605,-2490683.495,5567
-7659020.783,-2499883.586,4532
-7482756.156,-2496655.686,5850
-7565648.446,-2502389.849,5680
-7594175.785,-2504774.506,5752
-7586527.900,-2508341.489,5152
-7389819.809,-2500884.881,4320
-7581602.386,-2510901.891,5376
-7581544.331,-2513054.504,5693
-7544329.746,-2512009.441,5356
-7518460.647,-2510696.512,5626
-7673755.259,-2516908.108,3644
-7565872.820,-2513701.426,5612
-7578132.346,-2519426.083,5375
-7476117.129,-2517952.718,5292
-7555363.264,-2522561.292,5552
-7257042.420,-2512989.845,4963
-7677278.870,-2528847.541,3669
-7430076.193,-2521736.273,5595
-7419266.760,-2521880.510,5460
-7504452.833,-2526950.829,5674
-7479050.339,-2527202.851,5885
-7319840.293,-2522231.186,4420
-7543095.069,-2535678.471,5419
-7430805.709,-2531451.187,5130
-7448563.294,-2533700.134,5354
-7524634.652,-2538358.145,5336
-7195827.957,-2527206.022,2380
-7513697.367,-2542332.578,5430
-7557336.721,-2547959.588,5790
-7252731.037,-2535880.727,4316
-7227854.297,-2535767.718,4006
-7445291.769,-2549749.641,5502
-7475502.041,-2552414.233,5641
-7815659.988,-2562046.013,1596
-7470041.712,-2553847.011,5793
-7450544.018,-2554249.119,5445
-7433227.188,-2554168.173,5690
-7235485.185,-2545809.613,4409
-7553129.845,-2562413.041,5858
-7455182.544,-2560885.036,5618
-7390340.266,-2557405.084,4670
-7330320.783,-2555495.945,4397
-7240087.905,-2551407.958,4165
-7543789.637,-2566998.643,5630
-7527016.955,-2566490.513,5404
-7407476.214,-2562377.919,5637
-7569670.730,-2570991.576,4927
-7473945.658,-2566390.285,5220
-7527799.841,-2576238.767,5431
-7507718.519,-2577227.796,5555
-7382197.260,-2571644.149,4831
-7233983.544,-2565639.389,3690
-7539021.749,-2581446.071,5467
-7494095.861,-2579486.453,5500
-7266814.484,-2570434.854,4910
-7679312.207,-2585090.529,3561
-7557434.583,-2581992.423,5870
-7531981.873,-2581231.751,5593
-7472870.290,-2582015.015,5325
-7394347.440,-2579676.886,4633
-7542124.814,-2586406.018,5410
-7521540.962,-2585773.728,5530
-7528448.889,-2590315.102,5282
-7360003.646,-2584236.325,4352
-7556498.088,-2595488.583,5881
-7478459.725,-2593016.039,5555
-7549929.743,-2597459.414,5672
-7416513.227,-2595652.743,5641
-7524284.305,-2602088.357,5446
-7220891.294,-2589230.617,2393
-7523674.197,-2604234.279,5515
-7413138.657,-2598767.392,5637
-7254692.077,-2597352.428,4664
-7454584.567,-2608410.023,5782
-7437773.052,-2607801.023,5058
-7412328.410,-2605764.835,5655
-7534678.838,-2617032.445,5694
-7362185.124,-2610254.387,4999
-7256446.746,-2606070.053,4990
-7232059.712,-2604883.173,3795
-7504761.214,-2618247.969,5121
-7379971.820,-2613685.716,5102
-7362593.211,-2613515.293,4818
-7462357.147,-2618970.665,5724
-7432531.563,-2617347.461,4858
-7542605.388,-2624320.508,5320
-7642472.925,-2629225.901,4240
-7238496.264,-2617615.381,4639
-7497219.990,-2632630.135,5344
-7262102.358,-2624163.522,4729
-7534617.916,-2636546.527,5469
-7242517.862,-2624294.764,4662
-7464983.157,-2636942.829,5315
-7300383.717,-2631359.077,4325
-7508798.168,-2644402.415,5185
-7317890.172,-2641348.543,5066
-7527091.818,-2650962.262,5945
-7246012.771,-2641765.010,5061
-7540419.393,-2660069.133,5592
-7533906.780,-2659322.933,5882
-7512527.571,-2663526.687,5044
-7374335.657,-2658406.147,4281
-7510734.270,-2668357.789,4936
-7264321.670,-2657269.993,4749
-7548250.201,-2671179.603,5569
-7294393.537,-2666822.599,5086
-7294343.197,-2667904.486,5100
-7242011.847,-2667550.361,4067
-7542996.214,-2682438.838,5679
-7261385.890,-2672840.309,4235
-7532470.885,-2687549.509,5605
-7376045.931,-2682900.784,4694
-7537630.689,-2696966.649,5496
-7416521.398,-2694318.203,4687
-7220315.166,-2686504.601,3509
-7307371.924,-2692925.463,4527
-7267569.284,-2691583.563,4966
-7846367.354,-2712427.640,912
-7517693.860,-2705583.302,5850
-7749130.292,-2712590.796,2329
-7503396.683,-2708374.961,5316
-7274726.875,-2701703.983,4790
-7542556.810,-2714011.290,5772
-7525086.027,-2713453.282,5679
-7276672.391,-2706687.372,4520
-7451739.089,-2716346.359,4789
-7494629.323,-2724970.977,4944
-7566703.276,-2728934.080,4461
-7564533.626,-2728323.112,4144
-7312144.827,-2719780.967,4855
-7312144.827,-2719780.967,4855
-7281941.927,-2722163.835,3451
-7299334.946,-2724624.514,4586
-7553283.882,-2738351.400,5131
-7517122.916,-2739374.065,5584
-7339976.047,-2733565.781,5021
-7308339.243,-2731033.632,4612
-7707440.799,-2746737.353,2751
-7836004.462,-2753850.404,2119
-7400346.300,-2743231.516,5451
-7304654.036,-2739574.405,4500
-7564370.864,-2751802.435,5188
-7318689.082,-2744041.753,5810
-7255856.307,-2740471.893,2451
-7800295.410,-2761013.440,2297
-7567024.967,-2754615.910,5269
-7350876.206,-2747129.372,4725
-7319160.552,-2745698.498,5664
-7563109.835,-2757230.579,5137
-7548892.318,-2756243.783,5478
-7576716.802,-2760373.979,6184
-7489111.982,-2757529.517,5030
-7340315.309,-2750476.929,4525
-7550962.501,-2760135.765,5230
-7582612.706,-2764923.864,5886
-7469853.196,-2759569.750,5186
-7508049.347,-2764745.985,5096
-7507900.042,-2769115.619,4806
-7456955.329,-2767289.730,4976
-7545122.480,-2771438.123,5947
-7507825.280,-2771300.894,5166
-7340700.259,-2766317.130,4353
-7313351.810,-2764515.719,5368
-7404090.158,-2772320.791,5389
-7304490.234,-2766281.072,5346
-7181300.083,-2761042.208,2538
-7163309.808,-2758947.028,2092
-7815289.499,-2785351.276,2802
-7428174.659,-2773835.841,6109
-7596858.488,-2784497.867,5894
-7573806.134,-2784369.798,5517
-7434052.508,-2777894.060,5602
-7432365.481,-2778921.734,5722
-7299798.674,-2772606.987,5121
-7796008.304,-2789998.963,3011
-7442126.125,-2782036.536,5145
-7568238.208,-2786940.256,5736
-7401471.550,-2782599.820,5147
-7700386.973,-2794237.844,3571
-7308748.867,-2780677.279,5562
-7167467.773,-2772798.360,2362
-7584534.272,-2792908.042,4999
-7612493.384,-2794802.556,5319
-7603665.082,-2796200.803,5156
-7486223.886,-2792436.804,5382
-7364484.280,-2787041.767,5697
-7625044.350,-2797886.330,5095
-7302408.752,-2786931.263,5019
-7615056.964,-2801454.179,5328
-7447105.189,-2795363.764,4883
-7582111.887,-2800511.766,4995
-7447569.806,-2797572.029,4986
-7374595.737,-2794592.013,5291
-7813315.901,-2807828.813,3047
-7624734.552,-2809399.604,5568
-7599478.488,-2808148.979,5259
-7173606.937,-2790593.527,2514
-7848396.596,-2815445.488,2049
-7361641.951,-2801687.137,5664
-7619105.477,-2814187.034,5228
-7572412.198,-2812288.658,5221
-7339591.748,-2802886.210,4039
-7618525.817,-2815269.202,5332
-7600860.290,-2817519.580,4806
-7383816.973,-2810316.936,5457
-7629298.134,-2823799.470,6663
-7612616.839,-2829936.702,5281
-7314042.965,-2819761.344,4133
-7327100.478,-2823115.987,4157
-7326474.216,-2824730.403,4172
-7392364.613,-2829317.729,6032
-7375320.656,-2828583.730,4595
-7633215.588,-2842045.323,5101
-7492263.246,-2838728.054,4835
-7385052.126,-2832844.732,4857
-7644706.994,-2845098.416,5026
-7644706.994,-2845098.416,5026
-7491653.615,-2840354.264,4941
-7633663.576,-2845908.268,5180
-7617662.259,-2846573.183,5127
-7406158.686,-2841971.678,4987
-7445527.073,-2850157.328,5300
-7504949.108,-2854021.475,4331
-7445527.073,-2850157.328,5300
-7390398.589,-2849541.570,6279
-7322169.367,-2845911.614,4161
-7611720.717,-2861819.301,5486
-7412859.165,-2853235.656,5559
-7554357.752,-2861189.051,4579
-7649111.518,-2866686.803,5220
-7450942.858,-2866865.468,5300
-7708462.472,-2878028.368,4877
-7708462.472,-2878028.368,4877
-7625617.003,-2878187.032,5628
-7330546.849,-2867173.753,5056
-7560982.441,-2878475.531,5395
-7414748.601,-2874209.587,5881
-7602798.043,-2884159.114,5508
-7382645.112,-2875590.546,4515
-7494551.594,-2882274.060,4979
-7391374.234,-2878171.065,4707
-7652406.207,-2888829.557,4727
-7554627.866,-2887092.193,5511
-7653992.358,-2891629.944,5132
-7605823.911,-2894177.516,4953
-7445155.263,-2887558.906,5042
-7627802.297,-2899214.241,5444
-7418408.932,-2892532.490,4964
-7645954.186,-2903016.424,4725
-7590709.231,-2900355.591,5452
-7667501.918,-2904120.436,5435
-7530418.291,-2900078.655,5759
-7635301.128,-2908256.436,5402
-7686671.417,-2912322.743,4732
-7681086.161,-2914401.101,5132
-7591500.006,-2910872.380,5048
-7602464.491,-2914513.455,5489
-7579817.655,-2912726.330,5729
-7569861.582,-2912415.613,5770
-7335403.749,-2904820.036,3555
-7254211.499,-2900752.260,2874
-7617197.989,-2922125.648,4743
-7402030.966,-2913342.103,4775
-7548553.068,-2920567.956,5601
-7577746.646,-2925927.673,5762
-7560031.624,-2925365.481,6301
-7427147.832,-2922127.461,5153
-7568247.568,-2928393.753,5742
-7559352.790,-2929214.185,6343
-7542225.336,-2927543.178,5116
-7629639.157,-2932985.527,5335
-7379954.527,-2923963.933,3250
-7658402.682,-2935414.053,5027
-7596305.787,-2935345.642,5373
-7570269.730,-2934542.653,5706
-7430149.583,-2929983.581,5186
-7622664.664,-2944417.000,5757
-7277038.343,-2930594.661,2908
-7671924.277,-2949050.097,4367
-7645231.572,-2951131.562,5103
-7457883.158,-2943817.433,5316
-7692894.993,-2953992.265,4823
-7770543.842,-2957276.246,2342
-7383375.310,-2946764.893,3786
-7285327.633,-2942058.477,2576
-7521384.292,-2952832.421,5377
-7418795.767,-2949410.192,5047
-7306179.439,-2946980.500,2774
-7708229.961,-2963219.337,4214
-7441342.353,-2954772.589,5314
-7305570.323,-2948054.869,2761
-7682613.327,-2965948.722,4931
-7641484.117,-2966555.586,5141
-7641484.117,-2966555.586,5141
-7496082.953,-2961333.186,4585
-7395105.684,-2957793.511,4047
-7265307.994,-2953164.028,2323
-7466995.703,-2966318.720,5740
-7325371.270,-2963406.852,2996
-7306514.883,-2962472.762,3125
-7268809.490,-2960531.866,2490
-7524586.101,-2972340.214,4881
-7413512.095,-2969111.286,5333
-7490612.074,-2973875.551,4682
-7632740.190,-2981300.741,5389
-7449900.374,-2976722.213,5895
-7653172.069,-2986854.622,5150
-7400335.616,-2977957.698,4558
-7700940.246,-2990264.151,4978
-7468054.161,-2981881.421,5423
-7476793.651,-2986105.094,5488
-7414584.436,-2983010.690,5042
-7671380.374,-2992882.881,4879
-7628521.463,-2992847.978,5790
-7362644.761,-2986781.737,4490
-7658925.309,-3000902.344,5504
-7460902.479,-2993805.097,5137
-7385881.384,-2990064.507,4042
-7637762.241,-3000888.653,5138
-7611541.744,-3002363.595,6002
-7638118.948,-3008129.122,5194
-7372666.701,-2998891.551,5366
-7726627.477,-3011978.535,3707
-7520504.765,-3008839.468,4149
-7312957.214,-3000451.478,4013
-7662430.923,-3016017.455,5305
-7631218.018,-3015726.836,5336
-7640673.233,-3016547.336,5215
-7592173.790,-3016240.954,5605
-7357739.576,-3008183.699,4444
-7642283.471,-3018818.562,4768
-7357739.576,-3008183.699,4444
-7637066.999,-3025913.786,5058
-7383007.522,-3016575.956,5241
-7664269.064,-3031104.947,5117
-7598450.468,-3029796.748,5575
-7428408.825,-3024690.321,4489
-7359258.469,-3023250.726,4479
-7651291.835,-3036334.853,5843
-7609452.727,-3035144.407,5658
-7464516.082,-3028961.880,5894
-7240085.498,-3017666.702,2291
-7583759.673,-3035467.120,4462
-7565243.100,-3038210.893,5320
-7546872.316,-3036477.750,4957
-7631607.940,-3041365.092,6131
-7364410.780,-3032388.054,4575
-7728657.796,-3047141.120,4294
-7627653.486,-3042925.085,6093
-7653782.087,-3047556.103,5586
-7387668.901,-3036802.809,4945
-7365264.141,-3037990.063,4306
-7464382.232,-3046216.958,5964
-7639590.428,-3055537.792,5843
-7622815.647,-3055616.975,5795
-7560295.935,-3052541.797,5264
-7313640.530,-3042135.979,4089
-7296768.938,-3044048.601,2183
-7609308.396,-3058565.784,6367
-7581932.734,-3057714.771,5782
-7666231.504,-3062959.149,5254
-7475169.488,-3056122.402,5043
-7642709.871,-3064000.365,5148
-7295457.611,-3058446.937,2738
-7741396.860,-3079262.666,4037
-7628413.880,-3074769.666,5414
-7683714.453,-3079615.464,4694
-7636181.930,-3077228.090,6049
-7569053.398,-3075164.044,5836
-7651227.394,-3079883.627,5743
-7625454.288,-3080274.027,5814
-7610362.671,-3079266.838,5877
-7419699.414,-3071102.780,5076
-7847688.237,-3085566.284,1762
-7641107.681,-3081281.030,5991
-7701930.325,-3090691.352,4661
-7672160.394,-3093309.709,5114
-7439744.064,-3087039.444,4504
-7421886.782,-3085153.000,4581
-7598160.463,-3093433.868,5950
-7721931.031,-3098433.221,4438
-7626051.624,-3098195.204,5885
-7517919.243,-3095174.481,5182
-7643296.019,-3103169.388,6071
-7738028.240,-3106069.528,3671
-7568684.132,-3103115.921,4980
-7637563.311,-3107488.666,6044
-7602173.327,-3108675.458,6567
-7796213.802,-3115041.320,2374
-7611671.228,-3110087.730,6020
-7520723.963,-3110388.108,4624
-7315064.071,-3101846.049,3293
-7709143.766,-3117757.829,4888
-7655822.478,-3116965.757,6719
-7315064.071,-3101846.049,3293
-7648497.349,-3117885.396,6182
-7629403.955,-3117901.979,6870
-7701727.531,-3122630.493,5046
-7701727.531,-3122630.493,5046
-7687637.791,-3124529.063,4862
-7659022.129,-3123221.899,5849
-7708959.314,-3125608.110,4723
-7345229.260,-3116228.338,5013
-7631322.415,-3129175.608,6558
-7345118.469,-3118460.304,5084
-7726777.374,-3132752.765,4676
-7587942.958,-3132332.339,4945
-7760959.002,-3137966.721,3891
-7652460.474,-3137073.030,5018
-7603037.142,-3135056.318,5492
-7695056.663,-3142680.666,5987
-7659081.030,-3141747.636,6204
-7627656.122,-3139171.783,6408
-7357441.601,-3130821.414,5511
-7736525.254,-3149823.976,4320
-7362247.807,-3136096.861,5413
-7715648.845,-3152166.613,4837
-7737516.457,-3156031.643,4522
-7570378.715,-3153088.901,4959
-7405098.980,-3146526.160,3337
-7416572.578,-3154339.815,3153
-7801482.422,-3168527.642,2343
-7716985.012,-3167388.048,5011
-7708497.225,-3168877.187,4953
-7484977.665,-3162300.425,4658
-7611587.164,-3167914.418,5303
-7600183.148,-3172058.930,5407
-7744930.332,-3178146.448,4411
-7615851.069,-3175924.755,5055
-7503998.138,-3180482.562,4094
-7802214.593,-3191648.980,2548
-7705137.474,-3191333.092,5852
-7630016.349,-3192689.187,5704
-7578687.564,-3191066.978,4227
-7578687.564,-3191066.978,4227
-7496993.566,-3186399.750,4009
-7714044.275,-3196622.088,5305
-7677837.985,-3199103.704,5662
-7658083.466,-3198570.351,6732
-7718992.485,-3202380.519,5412
-7652908.926,-3201810.468,6369
-7490975.652,-3195734.154,3001
-7774829.205,-3206954.257,3880
-7751694.675,-3205360.913,4079
-7638747.026,-3203097.244,5777
-7637036.847,-3203611.420,5501
-7607680.831,-3202719.684,4853
-7563615.257,-3202390.473,4224
-7514451.723,-3202287.747,3290
-7737439.491,-3211266.648,4162
-7620406.454,-3211578.293,5210
-7697087.812,-3219922.166,5034
-7673345.588,-3219307.804,6208
-7652351.781,-3221554.662,6224
-7739919.164,-3227144.213,4358
-7641978.868,-3228037.953,5890
-7653242.993,-3230057.269,6652
-7723885.370,-3235267.294,4450
-7601060.305,-3233001.289,4647
-7802497.683,-3240819.620,3019
-7719238.065,-3240251.583,4925
-7677939.758,-3238086.636,6282
-7719777.708,-3241396.195,4929
-7769576.606,-3244171.668,3866
-7487646.920,-3236218.879,2892
-7617169.440,-3243125.010,5070
-7833516.248,-3249818.032,2458
-7757565.426,-3249591.667,3719
-7736034.989,-3249128.562,5493
-7559892.650,-3244051.222,4815
-7782475.801,-3251217.695,3207
-7719551.611,-3251016.225,4963
-7576742.829,-3248596.724,4489
-7352583.215,-3239650.097,3734
-7788059.139,-3255855.180,2982
-7658219.010,-3254529.583,5199
-7543793.417,-3250260.686,3364
-7723940.034,-3257350.812,5170
-7742499.615,-3264572.173,5229
-7829837.193,-3267904.519,2372
-7722607.627,-3265822.534,4769
-7682260.409,-3267652.487,5584
-7801944.459,-3272551.618,3897
-7827452.280,-3275244.827,2380
-7549976.051,-3267471.735,3836
-7795629.292,-3276412.314,4176
-7350897.657,-3261597.408,4485
-7750705.672,-3278933.276,5795
-7659218.517,-3279501.813,4794
-7658586.609,-3281753.913,5042
-7810208.786,-3287457.182,3400
-7712942.020,-3289995.993,4729
-7681014.840,-3293158.891,4789
-7670231.665,-3292298.714,5055
-7708838.496,-3295008.914,4907
-7634361.700,-3293536.060,3751
-7759970.684,-3297874.781,5663
-7845171.738,-3306769.144,2786
-7744417.694,-3306640.361,5337
-7717147.553,-3304306.214,4990
-7665336.733,-3304665.116,4890
-7552653.031,-3303311.264,4686
-7898621.838,-3311986.781,1404
-7769397.831,-3310011.441,5563
-7750009.589,-3311313.726,4912
-7669129.894,-3311594.944,4760
-7630414.200,-3311034.405,2835
-7826699.662,-3323000.197,3265
-7523172.460,-3314705.414,2730
-7768540.773,-3324227.165,5443
-7754805.559,-3326789.708,5455
-7664193.083,-3325116.040,4321
-7798088.499,-3329351.958,4255
-7665284.542,-3326855.110,4619
-7789506.181,-3330903.825,3883
-7828601.113,-3346978.679,3360
-7765828.911,-3345264.635,5359
-7647721.672,-3342303.152,4250
-7396903.203,-3332505.855,1910
-7789206.428,-3346866.611,4947
-7550159.045,-3340198.294,5180
-7849085.551,-3351854.026,3238
-7764581.280,-3350374.629,5762
-7541198.878,-3350691.875,4851
-7836928.680,-3362526.852,3729
-7731723.053,-3363355.626,4815
-7634649.555,-3359023.112,4368
-7634649.555,-3359023.112,4368
-7550096.963,-3357298.064,6067
-7550096.963,-3357298.064,6067
-7731723.053,-3363355.626,4815
-7812257.339,-3367841.895,4407
-7670506.449,-3364642.451,4793
-7768144.923,-3371583.142,6133
-7638976.167,-3367149.011,4182
-7768144.923,-3371583.142,6133
-7745844.310,-3371105.809,5003
-7843583.973,-3376348.033,3902
-7553673.081,-3368844.565,5390
-7834403.902,-3377925.018,3674
-7786301.498,-3379378.376,5440
-7734064.186,-3385707.811,5415
-7818745.301,-3390263.698,4920
-7770081.697,-3388784.722,5647
-7744888.997,-3388244.151,4825
-7445086.635,-3378076.602,2568
-7792359.496,-3392085.027,5528
-7801471.777,-3395116.694,5109
-7676050.650,-3391669.025,4437
-7543819.150,-3387330.415,3664
-7770525.418,-3395092.195,5487
-7676050.650,-3391669.025,4437
-7862094.724,-3404096.693,2875
-7850636.561,-3403363.948,4114
-7738064.623,-3411003.280,5352
-7807296.698,-3422170.103,4887
-7771131.068,-3421476.572,5242
-7926713.311,-3424890.454,1454
-7853210.076,-3424053.135,3695
-7788308.131,-3424114.524,4959
-7834781.993,-3427222.768,4886
-7758428.535,-3424652.560,5191
-7834180.584,-3428936.200,5099
-7768141.522,-3427154.797,5055
-7684231.483,-3428003.718,4931
-7613020.476,-3426433.641,2067
-7829520.665,-3432882.939,5046
-7799643.671,-3432367.302,4673
-7730720.646,-3430339.735,6097
-7668613.296,-3431585.244,3890
-7778282.793,-3437126.596,5367
-7797206.532,-3439791.813,4851
-7636076.252,-3442673.148,2281
-7857443.388,-3449975.212,3703
-7803352.470,-3449679.686,4992
-7795884.334,-3448966.391,4862
-7465361.413,-3437935.837,2554
-7804461.406,-3452000.869,5591
-7817587.854,-3458562.465,4466
-7662321.640,-3469924.916,3864
-7781561.778,-3474596.151,6069
-7747450.974,-3478478.061,5383
-7813113.914,-3483837.360,4117
-7825757.022,-3486937.718,4605
-7807880.765,-3486051.462,4288
-7836674.786,-3489999.394,3987
-7834924.998,-3491125.898,4113
-7784735.011,-3489074.904,5414
-7751254.100,-3488943.510,5341
-7673284.718,-3489835.978,3527
-7781133.269,-3495928.129,5553
-7860193.891,-3500740.805,3469
-7853228.629,-3502952.305,3554
-7842829.287,-3502797.233,2985
-7787279.853,-3506445.708,5279
-7754934.488,-3505188.975,4870
-7765850.459,-3508315.983,5619
-7486339.138,-3498670.051,1913
-7874472.274,-3513645.981,2687
-7801608.370,-3513077.385,4772
-7632852.909,-3508233.530,1934
-7765135.995,-3514657.958,5539
-7814206.044,-3520244.819,5131
-7780630.741,-3520764.334,6209
-7790442.846,-3522116.718,4767
-7830328.831,-3525147.640,4444
-7808316.186,-3525924.906,5181
-7808316.186,-3525924.906,5181
-7757401.851,-3524320.071,5494
-7846420.215,-3532926.593,4584
-7797777.778,-3532096.070,5156
-7767003.397,-3535526.325,6208
-7797077.320,-3538452.683,4855
-7806883.629,-3540953.281,5002
-7869423.195,-3545420.865,2858
-7821900.088,-3544116.722,5492
-7823019.793,-3546454.216,5383
-7780714.779,-3545081.922,4722
-7547198.859,-3539301.110,2312
-7755675.333,-3549761.691,5584
-7759695.570,-3551590.457,5873
-7795617.907,-3554073.672,5370
-7772801.068,-3562894.863,4561
-7838313.606,-3569333.563,4529
-7815581.112,-3573597.233,4671
-7819026.320,-3575981.753,4798
-7851516.425,-3579994.714,3057
-7775387.028,-3578046.934,4557
-7757346.195,-3578816.989,3728
-7802021.899,-3583808.919,4530
-7756712.743,-3581127.095,3519
-7770588.781,-3584919.411,4430
-7890320.714,-3592725.963,2469
-7780911.432,-3592114.697,4215
-7825683.497,-3594703.053,4335
-7787276.212,-3593989.615,4073
-7654458.777,-3596422.302,2693
-7759125.074,-3603284.487,3703
-7808549.636,-3608371.790,4834
-7845209.377,-3611907.837,3829
-7697248.930,-3607562.995,3680
-7785140.239,-3613160.526,4356
-7864319.422,-3620934.197,3463
-7787341.876,-3619616.600,4639
-7693786.798,-3627279.660,3623
-7692004.099,-3628396.261,3464
-7507006.824,-3625319.594,2753
-7784663.254,-3636480.695,5118
-7559300.443,-3632123.722,2907
-7841212.608,-3643352.267,4268
-7803677.093,-3650292.182,5573
-7870852.884,-3655480.305,4020
-7815879.350,-3654610.737,4802
-7697128.353,-3654228.644,3316
-7824549.680,-3660612.992,4678
-7805242.750,-3660262.307,5127
-7797580.044,-3663039.779,5399
-7671196.538,-3660495.885,2862
-7885907.770,-3667963.488,3756
-7795709.002,-3668855.227,5764
-7704363.183,-3667878.256,3980
-7692105.392,-3666367.931,3028
-7675031.126,-3669384.111,2323
-7712432.986,-3672777.780,3508
-7867636.609,-3676507.901,4189
-7829556.967,-3675919.084,4038
-7788540.732,-3675737.596,5550
-7857538.793,-3685739.927,4380
-7778359.009,-3686072.163,5336
-7885579.990,-3694332.665,2761
-7778820.779,-3691945.051,5755
-7820970.732,-3697461.422,4779
-7777547.474,-3696610.387,5448
-7697727.909,-3695813.968,4152
-7779807.453,-3700765.956,5228
-7833136.667,-3707064.580,4455
-7679301.265,-3703497.225,3244
-7664609.531,-3703641.169,2243
-7643365.959,-3706489.984,2238
-7843008.138,-3714276.287,4612
-7804212.575,-3714178.852,4503
-7842392.078,-3716029.384,4363
-7833575.828,-3715884.138,4515
-7897009.361,-3720901.340,1584
-7864668.763,-3720482.735,2551
-7680129.237,-3715263.607,3586
-7805275.156,-3720076.405,4850
-7812874.567,-3722571.637,4855
-7826947.109,-3725177.204,4882
-7793410.167,-3725134.395,4125
-7804335.400,-3738295.594,6635
-7789038.902,-3737401.172,4975
-7798435.695,-3738768.724,5485
-7804209.967,-3744771.103,5834
-7835415.303,-3746513.960,4269
-7863640.177,-3751080.347,3451
-7804707.906,-3749494.181,6120
-7863640.177,-3751080.347,3451
-7794051.937,-3751640.386,6341
-7815699.100,-3760904.351,4294
-7786142.336,-3763270.582,5046
-7682683.978,-3768320.980,3185
-7859163.260,-3774615.644,3051
-7936528.383,-3777290.824,1051
-7872715.633,-3777172.752,2822
-7783544.564,-3774429.899,4632
-7821236.091,-3781078.430,4566
-7756804.172,-3780919.043,5586
-7806348.843,-3786709.428,4510
-7765572.911,-3785258.316,5042
-7856559.152,-3790533.402,3074
-7785507.901,-3793382.385,4453
-7814404.283,-3798691.831,4647
-7862908.849,-3801278.102,2608
-7800107.062,-3803149.748,5106
-7885935.722,-3806330.468,1981
-7766202.724,-3809528.506,5009
-7908943.571,-3814895.831,2328
-7750154.204,-3811519.603,4874
-7809876.132,-3818742.095,4817
-7808724.874,-3816941.839,5052
-7860842.345,-3820797.373,2271
-7883913.719,-3825270.258,2320
-7793107.191,-3826708.729,6880
-7908169.787,-3831493.431,2176
-7807147.144,-3837078.422,4618
-7753747.082,-3834728.229,4332
-7795769.631,-3841600.867,5310
-7760716.442,-3841423.784,4572
-7815896.746,-3845560.405,4569
-7738457.650,-3852166.549,4495
-7758569.089,-3856822.134,4751
-7748445.630,-3857172.009,5101
-7770989.627,-3860083.892,4344
-7728165.636,-3859033.824,5039
-7904774.426,-3869500.211,2119
-7857747.554,-3868278.655,2329
-7688092.916,-3865640.782,2646
-7370729.994,-3851290.006,2091
-7791039.762,-3868852.283,5174
-7771341.660,-3870802.632,4403
-7752770.052,-3875129.108,5321
-7731330.485,-3874587.940,5810
-7752101.904,-3878090.729,5428
-7825353.361,-3881435.988,4253
-7825353.361,-3881435.988,4253
-7741854.463,-3882602.196,5704
-7799630.741,-3885709.116,6015
-7761422.677,-3887253.062,4937
-7744714.756,-3887442.190,5495
-7756524.043,-3892502.576,5209
-7757659.753,-3894915.735,5369
-7756337.119,-3900253.846,5254
-7815984.240,-3903929.040,5389
-7795086.093,-3903512.666,5190
-7740743.351,-3902851.071,4202
-7782521.804,-3904438.309,5897
-7796181.224,-3908312.619,5207
-7773470.627,-3908416.455,5203
-7790093.779,-3913561.287,5246
-7766038.123,-3919598.140,6552
-7748730.496,-3917984.800,4730
-7802461.800,-3922785.025,4683
-7898137.570,-3926722.040,1843
-7839969.079,-3933656.801,2941
-7840527.003,-3936061.113,3192
-7771674.046,-3934683.944,6049
-7757350.404,-3932550.370,6019
-7784114.793,-3940951.023,5025
-7749361.111,-3940735.431,5484
-7790652.541,-3943488.636,4609
-7777445.167,-3944396.951,5306
-7841276.771,-3962449.672,2481
-7795630.048,-3963381.181,5112
-7790828.779,-3963279.236,5328
-7738636.455,-3961441.674,5154
-7746375.792,-3964040.241,5089
-7743944.626,-3965178.657,4869
-7767911.456,-3967566.456,4852
-7778063.425,-3970201.708,5982
-7815862.849,-3972794.953,3123
-7737123.011,-3973407.253,5136
-7780317.537,-3976859.444,5816
-7731036.792,-3976249.466,4870
-7802843.303,-3992373.923,4060
-7776370.253,-3991800.247,4508
-7746290.653,-3991073.999,3652
-7899650.134,-4000571.859,2278
-7779147.320,-4002095.129,5287
-7774918.290,-4002600.788,4903
-7826042.975,-4007276.551,3817
-7748888.245,-4007392.394,4006
-7810897.112,-4011203.664,4399
-7896385.939,-4021024.939,2076
-7750376.759,-4020087.023,5057
-7741933.677,-4019870.754,4787
-7810645.033,-4023861.707,4770
-7910777.666,-4029039.719,1818
-7793044.348,-4028324.342,3766
-7773141.065,-4027275.101,5228
-7724246.205,-4026635.342,3878
-7754811.479,-4035888.672,4606
-7804893.599,-4039442.843,4692
-7760762.489,-4039659.550,4214
-7795740.819,-4043481.122,5120
-7828346.229,-4045943.524,3481
-7768401.218,-4048909.153,4473
-7767753.341,-4050707.721,4185
-7813610.035,-4057153.227,3603
-7805718.526,-4058204.375,3858
-7745160.176,-4058614.518,4987
-7820150.214,-4063333.909,3689
-7797748.466,-4062880.264,4337
-7798302.579,-4065313.925,4535
-7780136.443,-4064914.081,4248
-7850355.259,-4068114.570,3317
-7832072.538,-4073855.182,4083
-7828334.948,-4079242.032,4369
-7781044.390,-4078263.604,4762
-7793103.549,-4081563.645,4630
-7825154.474,-4087067.413,4836
-7846926.538,-4091706.077,3672
-7754626.955,-4091580.414,3470
-7851672.285,-4098464.945,3824
-7826575.483,-4108350.604,4702
-7836604.280,-4125570.002,3608
-7791471.567,-4128319.103,4879
-7848007.303,-4135515.781,3240
-7812601.728,-4137904.195,4026
-7787544.574,-4140417.274,4583
-7837472.198,-4145086.082,3435
-7891527.758,-4163631.789,2029
-7855991.498,-4169217.898,3853
-7827781.391,-4173610.221,3212
-7827781.391,-4173610.221,3212
-7857084.488,-4177185.220,3967
-7790428.342,-4175284.591,3978
-7782436.116,-4176937.741,3849
-7906615.169,-4179718.011,1623
-7810522.076,-4179997.455,3738
-7805550.428,-4183565.654,3727
-7784756.692,-4182497.092,3809
-7798738.894,-4187093.020,3898
-7791392.541,-4186931.534,4072
-7832990.524,-4189618.273,3529
-7793638.186,-4196168.155,4032
-7789086.513,-4207713.766,3697
-7847243.439,-4215624.865,3470
-7875427.236,-4219761.145,3889
-7623565.857,-4218667.840,3772
-7786070.796,-4232206.197,3568
-7652615.260,-4231395.813,2498
-7780864.597,-4244386.290,3245
-7936496.391,-4258022.803,1229
-7832808.079,-4265198.286,3793
-7832808.079,-4265198.286,3793
-7780973.077,-4265949.111,3239
-7917214.440,-4273862.322,3023
-7886956.160,-4274719.804,3566
-7917818.042,-4275103.436,2949
-7783580.341,-4286378.110,3084
-7809899.152,-4298708.454,3776
-7809899.152,-4298708.454,3776
-7921842.705,-4302959.693,3101
-7788166.832,-4301940.652,2898
-7870299.122,-4314049.001,2999
-7846152.488,-4313028.414,3536
-7879911.464,-4334655.750,2804
-7785559.068,-4334099.594,3277
-7887763.645,-4350295.841,2596
-7711919.450,-4346397.471,3750
-7860354.619,-4353607.927,2918
-7839078.542,-4360698.091,4388
-7870176.105,-4361851.642,2928
-7839654.657,-4363197.586,4650
-7824348.376,-4381587.351,3459
-7824061.154,-4395928.098,3487
-7800829.580,-4401679.677,2969
-7756497.044,-4400599.547,2200
-7928177.436,-4410626.573,2996
-7942979.837,-4433297.353,2333
-7797625.273,-4432878.498,3893
-7901401.073,-4451026.204,2644
-7901165.569,-4469236.464,2461
-7949494.747,-4478556.411,3413
-7902849.882,-4484984.746,2355
-7818228.068,-4496782.224,2065
-7915234.801,-4502778.695,2403
-7892972.462,-4516376.921,2454
-7891603.676,-4523937.720,2438
-7953382.790,-4542961.905,3122
-7895508.807,-4561974.420,2491
-7910009.502,-4569141.840,2529
-7892168.726,-4573985.003,2561
-7975213.318,-4597704.532,2743
-7890473.652,-4603846.607,2569
-7969422.417,-4607218.943,2819
-7904988.219,-4614237.681,2270
-7888230.355,-4626764.210,2680
-7968589.030,-4636558.594,2482
-7984481.134,-4651997.221,3079
-7862002.871,-4667273.678,2622
-7997161.640,-4681529.720,1462
-7861006.541,-4687780.694,2514
-7957595.205,-4735339.986,1715
-8007855.372,-4755630.965,2750
-7959133.698,-4786444.797,3627
-7941397.129,-4810309.399,1972
-7983556.128,-4826888.509,1724
-7942498.856,-4831139.927,2116
-7926379.514,-4874705.890,2412
-7963003.418,-4876357.888,1928
-7962740.911,-4911094.616,2200
-8027732.671,-4925171.736,2172
-8044210.856,-4980565.254,2133
-8070066.079,-4999708.858,2601
-8001786.481,-5008317.043,3252
-7958610.378,-5016687.757,2340
-8027634.416,-5024971.278,1668
-8083479.301,-5033505.693,1935
-7977046.501,-5040745.280,2064
-8032269.256,-5054916.122,2019
-7982144.866,-5080115.608,2249
-7947296.159,-5091216.953,2005
-8003438.150,-5104967.840,1978
-7977254.385,-5114222.180,2230
-8012764.920,-5125113.922,1869
-7980535.257,-5126319.376,2124
-8034245.332,-5128501.985,2263
-7968295.175,-5147746.838,1078
-8022122.489,-5150676.841,2390
-7995842.487,-5157331.983,2106
-8057270.152,-5220251.741,1795
-8036248.302,-5237239.835,1729
-8064143.768,-5252838.060,2458
-8041696.716,-5267175.211,1784
-8052621.274,-5280120.331,1664
-7931134.998,-5281578.186,2060
-8034191.484,-5295157.342,2104
-8103349.798,-5312711.461,1810
-7934140.075,-5318539.942,1889
-8014993.103,-5320455.051,1795
-8105752.383,-5360064.649,2016
-7986669.767,-5361556.304,1594
-8038300.923,-5371337.168,1970
-8110571.714,-5447161.169,2321
-8141418.554,-5471212.867,1096
-8057877.882,-5497596.912,2126
-7975426.659,-5498807.864,1982
-8057185.325,-5500393.542,1947
-8092179.324,-5508640.150,829
-8026419.593,-5512997.405,1831
-8151845.086,-5524887.500,1006
-7989958.725,-5526187.557,1769
-8134529.710,-5544030.078,1609
-8165564.515,-5553480.352,897
-8254672.612,-5575003.198,926
-8089089.586,-5580290.499,1566
-8213202.081,-5580840.479,842
-8039740.406,-5600202.536,1646
-8145123.191,-5608040.222,2188
-8092094.147,-5610641.429,1639
-8076561.512,-5617799.887,1746
-8232523.839,-5626389.998,927
-8115068.428,-5649465.087,1560
-8088845.633,-5661029.901,1304
-8293304.022,-5669614.137,770
-8064799.957,-5707499.229,1793
-8233840.734,-5718967.246,796
-8038342.102,-5725438.148,1936
-8018279.485,-5724701.387,1473
-8097226.355,-5743886.184,1862
-8037626.918,-5759900.734,2541
-8090161.510,-5763340.300,1872
-8055618.502,-5763479.285,2155
-8146440.922,-5775066.986,1904
-8195757.237,-5792352.627,1126
-8183013.331,-5807748.126,1382
-8099155.149,-5814524.877,1563
-8164018.488,-5845007.860,3846
-8028903.035,-5856822.019,2393
-8152944.656,-5886661.521,2915
-8042012.966,-5890345.594,2318
-8043473.709,-5891074.822,2302
-8127485.696,-5894993.225,2410
-8109471.736,-5925163.480,1478
-8150613.650,-5932058.280,1871
-8148431.733,-5933553.798,1597
-8177943.658,-5943404.768,3275
-8100847.037,-5948719.694,1231
-8045728.067,-5957037.417,1726
-8138450.528,-5958659.182,2053
-8172387.815,-5964085.852,2885
-8172433.709,-5967030.979,2755
-8172433.709,-5967030.979,2755
-8228578.727,-5974079.398,1446
-8227793.128,-5971885.392,1450
-8248656.278,-5980987.581,1260
-8147607.965,-5984341.054,2096
-8174373.090,-5996514.095,1958
-8266067.364,-5997530.129,1024
-8050956.048,-6006464.962,3488
-8181530.135,-6026753.650,1622
-8048044.396,-6045031.799,2203
-8102469.701,-6067117.592,2239
-8231810.862,-6085301.131,1204
-8281865.144,-6111691.169,1115
-8212248.038,-6114898.087,1270
-8085856.194,-6160131.552,1613
-8145392.314,-6161843.783,3035
-8143141.466,-6162625.589,3192
-8173079.429,-6196933.199,2387
-8146728.158,-6207155.966,2728
-8292400.834,-6238930.587,1167
-8182242.559,-6246103.470,3515
-8210586.535,-6292117.402,1522
-8268119.754,-6296858.228,1313
-8137190.681,-6297902.323,2514
-8312537.212,-6320055.152,1135
-8214258.791,-6321168.562,1625
-8240822.284,-6339783.360,1069
-8330463.146,-6349444.430,894
-8142495.097,-6354690.675,2340
-8208353.777,-6370578.578,1792
-8174489.226,-6378158.204,2802
-8128134.160,-6381110.994,2464
-8205748.181,-6394610.184,2218
